"","X1","X2","X3","X4","X5","X6","X7","X8","X9","X10","X11","X12","X13","X14","X15","X16","X17","X18","X19","X20","X21","X22","X23","X24","X25","X26","X27","X28","X29","X30"
"1",7.34615488015752e-05,0.0046915636651933,0.12749785615396,0.00105888389685227,0.00141312756817441,0.00216936552784237,0.000654230399945503,0.00129878783448434,0.0020804628611525,0.0280757022624883,0.00042538584793856,0.00495416907679945,0.000311525124491565,0.00101705322181199,0.00575824729550386,0.00134052496225177,0.148392518052123,0.00212456436894327,0.306472732686517,0.0795092863383187,0.00274131060694794,0.00228100401007326,0.000590550243720562,0.00259755704818845,0.235853892745182,0.000517809306756293,0.00195079929961489,0.00193206854355556,0.0251008306744434,0.00711472882792477
"2",3.42645497031485e-05,0.000881687531445453,0.000796429015541921,0.000767774706654685,0.00232529289777776,0.000768065472519214,0.00319103386536057,6.38447614213961e-05,0.0454156849730061,0.00208085211039225,0.00200983082447513,0.0940029693445987,0.035419427540835,0.00110818400322473,0.0438290108106819,0.000971085087020349,0.00119439093113338,0.000503312130975052,0.686565657560022,0.000122540421346984,0.000482299158128273,0.0590441768164417,0.000177055988452813,0.000191286531606141,0.0073426975572559,0.0021500912004783,0.00106374442276408,0.00102640156298165,0.00437048284144622,0.00210042538230888
"3",3.98825596731438e-05,0.00159689476142022,0.00114900928281481,0.00371400692453042,0.00586813146734351,0.00146302013739469,0.00282466301440197,0.000358332794705182,0.0295788962545602,0.000262851858638693,0.000144176457550595,0.00207633161530341,0.000863756239400903,0.0747581746007915,0.00062224582542101,0.00532808670253772,0.00517638606310732,0.00189518484499285,0.159012571870711,4.35716357959211e-05,0.000643661043007676,0.00337555069292713,0.000207312228844469,0.000250169787115826,0.00446405171570905,0.000724359399491947,0.000674095337182667,0.000894728179035271,0.69041553566828,0.00157436103731142
"4",3.64034966180469e-05,0.000155824046134351,0.000162313394000151,0.00193901611457677,0.961119229948833,8.96193794205359e-05,0.00214027789718274,0.000484008168612501,0.000399803942229211,9.95867189652147e-06,9.52777323915699e-05,0.00240143109767281,0.0181699452118922,0.00341083421040562,8.64824992289174e-05,0.00214748214518687,0.000930573069681728,0.000769034341165963,0.000352303565098809,1.80139698383842e-05,7.95174199238946e-05,5.07264930297225e-05,6.80709030272264e-05,1.97896314935759e-05,0.00069847505455583,0.000318390552343395,0.00319198895808688,0.000106094385488777,0.000429053307337866,0.000120060392645915
"5",4.07133324597713e-06,9.49871858944008e-05,0.000204472465192205,0.000253313787660218,0.00639845936496739,5.55818429851451e-05,0.000565712700686544,0.000378059905846337,9.77292865593168e-05,3.21728363774337e-06,1.60333755681623e-05,0.000727728199456725,7.76414579345405e-05,0.9887499944218,8.09151739790637e-06,0.000173921930025529,4.79475351269094e-05,4.19543437178475e-05,4.79246494081315e-05,6.65288845018327e-06,0.000169940281996919,5.6534144708939e-06,2.46409698855533e-06,0.000178599586616062,0.000828287515959608,7.47404788279677e-05,0.000278398359881545,0.000102636196094499,0.00015951173812344,0.000246272855479231
"6",4.07133324597713e-06,9.49871858944008e-05,0.000204472465192205,0.000253313787660218,0.00639845936496739,5.55818429851451e-05,0.000565712700686544,0.000378059905846337,9.77292865593168e-05,3.21728363774337e-06,1.60333755681623e-05,0.000727728199456725,7.76414579345405e-05,0.9887499944218,8.09151739790637e-06,0.000173921930025529,4.79475351269094e-05,4.19543437178475e-05,4.79246494081315e-05,6.65288845018327e-06,0.000169940281996919,5.6534144708939e-06,2.46409698855533e-06,0.000178599586616062,0.000828287515959608,7.47404788279677e-05,0.000278398359881545,0.000102636196094499,0.00015951173812344,0.000246272855479231
"7",4.12561894228442e-05,0.000502081601559774,0.00759134582913916,0.000596921526781545,0.0977282281676326,0.000754621680609325,0.000723533175125244,0.00606020932253808,0.00108422948569709,0.000174174239313308,0.000160321042974377,0.0144247042514752,0.000171438664538353,0.175123523185658,0.000124478063474298,0.00105671858479883,0.001111329254935,0.00105538290161444,0.000945124846479947,0.000412767717246223,0.00126276054539225,0.000194484659927713,0.000109805067146445,0.659984864619137,0.0143341785794453,0.000651666485653257,0.00174857622913015,0.00977127838902794,0.00109231217129816,0.00100768352282845
"8",0.000102575422074821,0.000295588639366273,0.000532052673076759,0.016964378010113,0.202375354544032,0.000830620097622257,0.00349618332988485,0.000527851733661752,0.000286762986182405,9.0591660789466e-06,0.000168157835948072,0.00317454392077804,0.00126403966460552,0.00115939769997818,3.19694284610608e-05,0.578589977831189,0.0831153474843303,0.00321194376013371,0.000195766925148275,0.00011135575843754,6.35404508387302e-05,0.000102981030168663,0.000681488579850667,4.3549333865793e-05,0.0017533686212581,0.000793302089892044,0.0958725855454953,8.56863579931864e-05,0.00356222043585867,0.000598350643676896
"9",0.000119287445864082,0.00141088036665916,0.00223805740397136,0.000871295864634396,0.00155395517925645,0.0015468276505751,0.000574855045019038,0.000322832471131603,0.0301224919075575,0.000545191357795962,0.00434245021482289,0.00244686613243181,0.000298501454761863,0.00313306716637557,0.0017371100398472,0.0615908312203462,0.0015220351403417,0.000595302600871173,0.00122092114769142,0.000396478246400374,0.0184373288974283,0.000513386160574881,0.000415564710963018,0.000488628859747458,0.195465416488307,0.00192092145338422,0.00109275927049525,0.000311893422943677,0.242137549734378,0.422627312945423
"10",7.1827323752107e-05,0.000298027194030543,0.00473124324415137,0.000274641922858443,0.0013642881780383,0.000558726759570717,0.000487575191571577,0.000753962458160464,0.0843298430943876,0.0011164391018848,0.432048598114265,0.0539675268921329,0.000716448583400037,0.00125189975203756,0.0886823787627094,0.00146625451168045,0.000593272999077759,0.000447917185660854,0.00185846586203222,0.000121270861876566,0.000887389623392571,0.00036586309522235,0.000163310681455269,0.000311255866196904,0.313188212071527,0.000571330367968101,0.00108514256448171,0.00174193781278005,0.00329622264885585,0.00324872727484157
"11",5.19899364495307e-05,0.000450181324974783,0.00199869522045295,0.00212964203559564,0.183772372357406,0.000339605090803009,0.00245360708150251,0.00604941701388279,0.00260077209998282,7.41214439379719e-05,0.00108935987466081,0.070160016793611,0.00117082198305365,0.542350012920058,0.000369011325785014,0.00396060610193079,0.00120397601761062,0.000527510479784397,0.000613155395376981,0.00017406993698855,0.000728545018679965,0.000269195546723458,4.1490333297124e-05,0.00208017870760288,0.164183415915011,0.000989474450762419,0.00375257385551039,0.00182445490926595,0.00220218626669315,0.00238954056260486
"12",4.01545567356399e-05,0.000872644969918434,0.0113780016019137,0.000926407994666019,0.0454871789271824,0.00116392970672651,0.000511575027065868,0.00250151238393641,0.00130516102273779,0.000173077868303996,0.0002727176692574,0.0111188690206019,0.000300391580633051,0.269783024576348,0.000161565267323237,0.0021752930342771,0.00125562998112917,0.000659422265050832,0.000676065922895972,0.000316725326903367,0.00170171375115849,0.000278050901018349,5.88467846189287e-05,0.559849973436776,0.0808990522332102,0.000432144879484917,0.00153099440398792,0.000940234309787925,0.00157876341104871,0.00165087718530255
"13",0.000128416478049027,0.000478853471308365,0.776676629836958,0.0014314809256782,0.0158799621455778,0.000284754389522873,0.00096318210685138,0.150213917575675,0.000511225182223296,0.000593337574537239,0.000904159033120909,0.0041553111780097,0.000124223319866443,0.00927596150520351,0.000295044904764614,0.00177973876739125,0.00149051194835907,0.00191053537997499,0.000980548941840424,0.000116251390502057,0.000676728850133241,3.1294981875962e-05,0.000446539454410544,0.000475076635594732,0.0211872261082262,0.000131588479774835,0.00231976530859633,0.001675050901951,0.00426518343590154,0.000597499788120942
"14",3.10592220907604e-05,0.000352452209732053,0.957146631302969,0.00161674377033315,0.00227497041703335,0.000220567073194706,0.000975450904827023,0.00110049809615941,0.000204997725719256,0.00018429822771533,0.000604401976237878,0.00206593483075444,4.10478805610454e-05,0.00113596898422926,0.000167840544548086,0.00175662962903833,0.00094730726581875,0.000696752878073136,0.000720389200809762,5.1125002793585e-05,0.000244710661943045,3.41124979707345e-05,0.00103666188047448,0.000224448027760414,0.00402567661211425,2.63470751857715e-05,0.0205933797483396,0.000251280948698244,0.000949433846760379,0.000318881558113926
"15",0.000110271271598002,0.399181781972867,0.117269692037652,0.00259205493175114,0.0045134824199423,0.00630431480898781,0.00287891166184865,0.00217188376352143,0.0067968737850845,0.00863380443741669,0.00294264106801038,0.0912630004002584,0.0618275736283284,0.00498846378535676,0.00215326279069914,0.00634453335743601,0.00921341876289901,0.00313844141220446,0.00581530417471881,0.000370770095498223,0.00173185744921742,0.000649841672496484,0.000278826432366724,0.00235240197759462,0.0762625115462303,0.0151663607669453,0.00285840128093465,0.000375619850811302,0.158200134995038,0.00361356346228573
"16",4.52973485786374e-05,0.00044037784221693,0.000634251439573936,0.00534814280515714,0.0936933874252786,9.42159916994384e-05,0.717757889052014,0.000759730325634291,0.000334077313507039,4.48863437506735e-05,0.000859474407407133,0.0270758006875833,0.00460595468126088,0.00782159846845082,0.000198318805734999,0.00336090180611379,0.000547362294555814,0.00133004204684762,0.00174439671874404,8.35985608286771e-05,0.000227345783741805,8.29896104958458e-05,0.000546706900114368,3.90199373034847e-05,0.00146007845142579,0.00149403957551454,0.127426136411891,0.0007020124887001,0.00068595612015538,0.000556010355720237
"17",6.04634443498775e-06,0.000143046535914436,0.00108593435881256,0.000514909779846862,0.00323892916795261,0.000114328260927061,7.09169785697665e-05,0.00119502393032034,0.000818995506235092,0.000290744070156726,0.000631716503038743,0.247816331415324,0.000262718091122957,0.00208350865114027,0.00019609165384342,0.000641406455867225,0.00188156762155583,0.00024319432410498,0.000598824156329507,0.000114242270702082,0.000104886847757362,0.000202875068211259,2.5924663791349e-05,0.00104891434807964,0.732939610757277,0.000211872602516776,0.00108022848467287,0.000517897369862069,0.00156550752540341,0.000353806256229805
"18",4.20869326649322e-06,0.000150207511613283,0.000644487216257323,0.000248885531322077,0.000810700629157655,0.000129851937872052,0.000104721902383209,0.000689884248173752,0.000705352559560873,0.000376623399707858,0.00136942204693701,0.906557784971473,0.000250489081276968,0.00212462529521468,0.000185540729089705,0.000384793571110385,0.000673232466475558,0.000135627362367412,0.000474689031722619,8.03763460649488e-05,0.000111055757501904,0.000113947549611887,2.56330018201302e-05,0.000702281051458438,0.0798810489698451,0.000403439239238575,0.00112302308999564,0.000393029896488019,0.000654189206392249,0.000490847706600919
"19",2.37489211313522e-05,0.000448921835620217,0.00369143039182097,0.00119580211082449,0.00684652442790965,0.000382152887834645,0.000500492549214284,0.00282829961006629,0.00305037573031524,0.000675186989976915,0.00496000862059834,0.489256679409723,0.000824413162702543,0.00925007222906833,0.000864874368873039,0.00212513572923773,0.00187224864215197,0.000521380569249146,0.00155164129242063,0.000218678466170649,0.000416493460708948,0.00040053173137356,9.39400761795742e-05,0.00139588146043963,0.454968524717511,0.00092345130316419,0.00307452862439593,0.00147485762617622,0.00410309175394721,0.00206063130119502
"20",5.1849072613484e-06,0.00021158136850748,0.00034755351257873,0.000449943804023281,0.00181112704057991,0.000190170012528689,0.000359919707055,0.000371768637975695,0.000596157144081835,0.000300521514783596,0.00077343897146339,0.978515735487832,0.000536417806046788,0.00198251860705546,0.000102970123633395,0.000778623675344635,0.000632493550049212,0.000223678388036837,0.000650526660309271,5.93024201148577e-05,0.000112770097004768,0.000149349851773597,5.01998284853055e-05,0.000358551928671277,0.00547027017792929,0.000927249906216563,0.00215695123946207,0.000282374712199723,0.000931653029894624,0.000660995889101821
"21",2.92956432683056e-05,0.00030810321152158,0.000179948740035119,0.000345457993679473,0.549328068309489,0.000147856698411916,0.00172388534632155,0.00174130617657409,0.000992627008109993,0.000106760437611181,0.000646372770206614,0.358716462022834,0.00209477964157733,0.00710717329948048,0.000239161260705567,0.0024589970258101,0.00109559463373375,0.000499567220665484,0.000418086403342168,0.00016655819835417,0.000242715608015705,0.000227681855892313,3.1678365208675e-05,0.000367967640625523,0.00188340245218244,0.0628908297530034,0.00195420527829255,0.00114711607925054,0.00140780314058575,0.00150053778521148
"22",4.23047935550717e-05,0.000211361348649044,0.00277617096333909,0.39719062573738,0.0176002357570908,0.00194770886386452,0.0029241080652076,0.00115653379987533,0.0117570686730525,0.000720956204368241,0.0831605346379988,0.265363611786911,0.00283014179301671,0.00189499049938708,0.00202110913369106,0.00472496746249632,0.0117606983515994,0.00394889366039109,0.0101748704281016,3.823512461456e-05,0.000312147468296934,0.000469023235119794,0.0012406637646651,0.000144610753830679,0.098680237929346,0.000230257208793947,0.0122088728521469,0.000511792115386706,0.0627130313724934,0.00124423621533091
"23",0.000110598080132444,0.000801801139758603,0.201347133617674,0.226658613030326,0.126035733839385,0.0184899961202874,0.00126479127218086,0.00540769500753821,0.00308117715738025,0.00136282373102256,0.00221966107752768,0.144435601587564,0.00344316960982583,0.00742127743412039,0.000418892129112842,0.0182146423085391,0.0678459715703132,0.0104904197553077,0.00668167480948972,0.000371835284246458,0.00108247527071736,0.00137718736588562,0.00157053994785995,0.00417514070264407,0.112832245230264,0.000171666349235083,0.0169816453487474,0.000481616165237484,0.0139395495342547,0.00128442552342182
"24",2.3959411406545e-05,0.000251949552485443,0.00166583217817133,0.173197450178501,0.00633043847520252,0.00191468933898451,0.00382719718347169,0.00154138142901283,0.000428580673275685,0.000257432393702391,0.0014104172038123,0.213833446183344,0.000981177789314235,0.0053105417824948,7.64571618199681e-05,0.00741513330981193,0.00433948104479943,0.00465943425946851,0.00438025500334581,9.56259278488594e-05,0.000253676013988512,3.27097730125739e-05,0.00168286357982968,0.000386472130040274,0.0995635428185703,0.000356836701424582,0.462777695314827,0.000465226629835069,0.00207442684463466,0.000465669713563662
"25",6.30849567521323e-05,0.000505770915860633,0.0013174058021907,0.00778156373274804,0.0260463583210801,0.00119533522070134,0.00550832958060118,0.0006676848015562,0.0539306314399604,0.000296523063155008,0.00350785773037583,0.718627195477984,0.0020250147258802,0.0103030010644373,0.00078161109559176,0.00796635890565706,0.00226385620591142,0.00356403172043633,0.00446195116058454,0.000119698116369585,0.000550372238064056,0.000386681718404274,0.00151428668300616,0.000457384941388021,0.00856240002682878,0.00181690877172902,0.128449635998727,0.00283048135465526,0.002419306744004,0.00207927748535945
"26",7.69206627538527e-05,0.000337997598913224,0.00510245640729487,0.00336860360537011,0.0016453136295918,0.19444258527865,0.000294592304157147,0.00538419550808128,0.00582800077708251,0.00228783742738328,0.00368089082241368,0.00280347445576538,0.000616295285381912,0.00243630275485323,0.000647777889110153,0.00394907216684228,0.00176006375343165,0.503202868813888,0.00419447932499005,0.000480239360008817,0.00919421482949479,9.08847177009963e-06,0.000311942458957765,0.00189180398309169,0.236318023084446,0.000579470431395047,0.00506245296527049,0.000470616796002809,0.00291261153417008,0.000709807619438318
"27",0.00108405716426184,0.000778473087358789,0.00742690174684002,0.00124731152470535,0.00194349043765635,0.189514108929341,0.000815089217232718,0.000510831292530321,0.431813260563989,0.00144531412664154,0.0679660226178994,0.00112999158613217,0.00158494359328,0.0010370275792735,0.0341562739400423,0.0283181982187812,0.000962181287819171,0.168400286436469,0.00219923132034758,0.000274848156577683,0.0328493556026543,6.56285826963496e-05,0.000913460575776728,0.000400314880133399,0.00933038546248163,0.00102220615183635,0.00311789275788431,0.000245380177128755,0.00492789333217897,0.00451963965004997
"28",0.000260107585963133,0.00146994190162426,0.0156869705861942,0.00745023807390536,0.0392440210878962,0.00732091713162421,0.00249603799525196,0.0893327030497495,0.00797651711767645,0.00380160006258385,0.00186165910772345,0.00757212916949496,0.000877901397461043,0.0299542388783425,0.000607693940120881,0.0106491346578003,0.00452917978485851,0.139400565630511,0.00268602344172762,0.000582425117535888,0.230742848689715,6.51422589716429e-05,0.000735504092189046,0.00144823889871863,0.0463482378478499,0.00144008360312675,0.00209340718697953,0.000585514487139215,0.339080940960066,0.00370007625719918
"29",0.000140778679659754,0.00736396909579356,0.00638913659168147,0.0146033214765359,0.0126613314064258,0.387512821080536,0.00143609474227511,0.000605020470683606,0.00237912121037413,0.0226284689835053,0.00112641565220157,0.00318028502195268,0.0017566457845279,0.00342886433494149,0.000547310385484784,0.0247404734139387,0.0243493816655702,0.00967185897625015,0.00510969414498359,0.000745515567788738,0.0454787670986866,0.000236603240998824,0.000903815674260303,0.00115877672717023,0.003742146806452,0.00160773946360702,0.00407168145762776,7.47814918004546e-05,0.403740752831553,0.00860842652273342
"30",5.06355691560754e-06,0.000130653246183519,0.000194543452833069,0.00188366983272632,0.00265574505693018,0.000215506562061343,0.00106858604342169,0.00028505883039511,0.000152609927084107,9.18031662203384e-05,0.00050418923627058,0.94203728982179,0.000486882549539532,0.00150872615764888,2.73828889861212e-05,0.00164613056396939,0.00052541983445237,0.000432319864072269,0.000514152974870256,3.93179902415759e-05,5.55641859200334e-05,3.06743950052636e-05,0.000183668634365947,0.000146290583591932,0.00181296828176799,0.000753487488274441,0.0418328900244509,0.000194983344715779,0.000287058432799517,0.000297363072496667
"31",7.8093018994694e-05,0.00111165076302012,0.000722518029099718,0.0018636748587631,0.0214248711650236,0.000483813237013066,0.000623285823038629,0.000892407212143594,0.00328925954879907,9.05054189102425e-05,0.00122699417574928,0.00181028832257448,0.00781497449004718,0.00129376243435894,0.000435277672077264,0.154504789586134,0.0017490135450409,0.00107188490113101,0.000434295820553707,8.37854080930351e-05,0.00024303646353054,0.000490751495507097,0.000144086654008787,7.34071418908135e-05,0.169722149337171,0.00127541926829059,0.000860029441970399,0.000115769976724285,0.623525366628253,0.0025448381620879
"32",3.96962666751844e-06,8.65564961261584e-05,0.000161778023976246,0.00227089017104938,0.00217456427486519,0.00016617767253222,0.00122372276688987,0.000215744601989067,6.34879317237404e-05,4.48049914491435e-05,0.000332362413483125,0.818935119068475,0.0002207640300682,0.00111261462345399,1.3479464954873e-05,0.00171800439663909,0.000485554590222732,0.000425036898602014,0.000382674601701441,3.39167505785045e-05,3.21702827768532e-05,1.18467907254452e-05,0.000268282308218241,9.87554859430774e-05,0.00122943993834778,0.000486496283752679,0.167332179577703,0.000178344784601266,0.000117196330798502,0.000174064821685898
"33",1.22414875791371e-05,0.000213851209973698,0.000189312568113545,0.000976265354176646,0.0028484264051094,3.73499137507929e-05,0.982027513556924,9.39765694776615e-05,0.000186649002598307,2.62501131292253e-05,0.000293563686322231,0.00101189074651685,0.00102298818612748,0.00291853338494487,0.000117873482313406,0.000658935667880637,6.77481354732197e-05,0.000249687457858202,0.00106960871943116,1.65492765865159e-05,0.000165877520358232,4.97025681243239e-05,5.34494159661451e-05,7.29470699755558e-06,0.000223461064278634,0.000542077895374895,0.00371302330700301,8.70481365624417e-05,0.000722797545966559,0.000396052915081723
"34",3.19575694693792e-05,0.000165551205543582,0.000660525639986756,0.000843939934110729,0.862559289325418,0.000160966193966705,0.0017507020248886,0.00104363076720123,0.000549634681559114,2.77652229376895e-05,9.57308713045934e-05,0.00208668853693759,0.000445307077971262,0.117226204244319,0.000113142218686984,0.000775262570468111,0.000287550738947591,0.000620156559751394,0.000170482282783472,7.30703151865268e-05,0.0060260924995924,5.36949340865972e-05,2.05117834892004e-05,0.000301725584216997,0.00136063387669317,0.00019941030718188,0.000647839959351332,0.000154552902915913,0.00084528127070081,0.000702698900333677
"35",2.78587938015307e-05,7.16968214396078e-05,0.000735955394163455,0.000912529253266121,0.959631729548793,4.54347401520782e-05,0.0005833283283852,0.00127333096569387,0.000570880198339507,1.26218150077867e-05,0.000134065945175069,0.00189063897742837,0.000503369624368541,0.00357431170807598,0.000185842428782654,0.00149228236745545,0.000878694743725801,0.000469055103679079,0.000282265768443123,5.77128669180999e-05,0.00010333302784837,0.000118048976352891,3.10550417814786e-05,7.80331136034074e-05,0.0236163318508699,0.000108201257407134,0.000945422041528596,0.000419605193527977,0.00105308268142079,0.000193281422566121
"36",2.04031332915821e-05,0.000282668012627453,9.04167250434295e-05,0.00143192351669648,0.0752530012187322,0.000226931387470447,0.0020881614511291,0.000512991510894701,0.000626420190105863,7.97520164132974e-05,0.000648637965403653,0.861359066015739,0.0274287436187597,0.00252515895741718,9.06072603399323e-05,0.00823675902411943,0.000862505988811881,0.000471577248379335,0.000475419961565733,5.21632751633768e-05,7.82914005985624e-05,0.000275902716605481,8.63831763308663e-05,0.000108100269810629,0.00135230189914651,0.00668920232819534,0.00709711509262423,0.000160181768941661,0.000786140349653368,0.000603072519989123
"37",2.95850869168774e-05,0.000234648094508835,0.962766601266895,0.000485669726175262,0.0227764963007822,8.2774734818031e-05,0.000396936811552091,0.00131620454097628,0.000370619831424504,0.000118382240835594,0.000298938172620652,0.000766091618061018,5.39688449789464e-05,0.00215886808841531,0.000250418871393826,0.000581062894783131,0.000555985928431162,0.000342208095099732,0.000385527680515448,3.80904444328608e-05,0.000278726331321681,0.000117309952221539,0.000143831564409263,0.000236692177811582,0.00274477270434582,1.33052576818465e-05,0.000729522201134316,0.000223386672885727,0.00120246796706948,0.000300905897501187
"38",9.72838259144451e-05,0.426801544321161,0.00243238915192028,0.0144412139503854,0.0418605778720635,0.00380402824335737,0.00104275671778711,0.000825541626399509,0.00253263171335965,0.000762120326863309,0.00041752703813648,0.0124693137839049,0.00260034863998966,0.00234155551621367,0.000513505168026131,0.0397172104962588,0.0310471138007454,0.0088068992669593,0.00239243833221649,0.000220102126135279,0.000701416839889482,0.000270792822264235,0.000234886930864833,0.000463277173941763,0.0116638560421112,0.00114868406963798,0.00376412772193094,9.05660541061503e-05,0.384534140353496,0.00200215007395979
"39",1.81165187643283e-05,0.0001127434047734,0.000297926773630765,0.00221635913577038,0.00080562008623488,0.203184147374995,0.000237420087193821,0.000225702305188263,0.000676693215408961,0.000692506486852888,0.000238254930454398,0.000356676519914947,0.000257848187961972,0.000380116203861614,4.84892871281294e-05,0.00126762980037951,0.00036733032733649,0.756140450639796,0.00138111691063444,9.95419527831022e-05,0.026658522973918,1.24198535418711e-06,0.000161646389547029,0.00023560828610431,0.000632822782233055,0.00020208183920334,0.00196793127412409,1.13026018240814e-05,0.000902844270999176,0.000221307447628395
"40",1.45543689431456e-05,7.51350605318735e-05,0.000224703670014846,5.81097595311893e-05,0.000478991258958171,0.000234700168373704,0.000108799969513235,1.63825989778406e-05,0.988169663572497,0.00010516015996399,0.000584356921335364,0.000701782614488632,0.000332047772824504,0.000294690322405506,0.00158917454831021,0.000261413944039596,0.000248577490886734,0.000324651003416298,0.00174161387719537,6.24545611193116e-06,0.000192260017921373,0.00026840699408015,3.805764836527e-05,2.66762432502118e-05,0.00120613992561786,0.000126974407904894,6.52421403080643e-05,0.000467120573621128,0.00170279774697985,0.000335569763631378
"41",6.93100435643756e-06,0.000106047456543175,0.000367770346093569,0.000215877465862179,0.00199543921025017,0.000163546444127,0.000481326029306938,0.000336951007585649,0.0185766673474709,0.000234860236002483,0.00118856709090585,0.933466323538746,0.000313917893840331,0.00172541379782186,0.000451960267403965,0.000330376375826123,0.00053727505543562,0.000298426281000963,0.00238444956992572,5.53487596679209e-05,5.74124287731519e-05,0.000314349104772177,0.000133134045149313,0.00020193326027564,0.0032266844411283,0.000888553368527579,0.00263320015415121,0.0280274795550306,0.00077928394273088,0.000500494521287957
"42",1.40710161869899e-05,0.00016916098692838,0.000362180323725898,0.00300408665343767,0.000301643641713517,0.16178861969939,0.000516553138535502,5.00624502755802e-05,0.0016111631467242,0.000493150680775594,0.00021869823187722,0.001046682954113,0.000547513938931912,0.00028849825065239,0.000517114197178171,0.000791262398361718,0.000321897738308573,0.004013821365873,0.816665589150282,7.88871405719063e-05,0.000536251306570933,0.000106131730714083,0.00027986286446164,0.000141798414163408,0.00147607171085051,0.00031681400547846,0.00257402088255006,0.000233067615846519,0.0011672539639158,0.000368070401605343
"43",2.22455159131022e-05,0.089069041592868,0.00038925349382102,0.00103815701865947,0.00593022854774551,0.000363441693954252,0.003983470912146,0.000411736072336306,0.000883755106542792,0.000608567437209554,0.000716577953087862,0.711542067650052,0.15399448929604,0.0130614290849012,0.000318571867892325,0.00142495021359496,0.00142817216803202,0.000314959204285088,0.00111212356543106,5.67623252362388e-05,0.00030985222050541,0.000173326533721831,3.78946554766181e-05,0.000370502057993765,0.00414292138783175,0.00234369211550337,0.00301139236289235,7.18679204640755e-05,0.0018161789454499,0.00105237108041262
"44",1.41105494449353e-05,0.00010983429368147,0.000617017562904661,0.014831083221673,0.00299436688740236,0.0015319589402565,0.00182223681178426,0.000220951431254074,0.00378598863907731,0.000499737934730895,0.000366244506735915,0.0387872623595623,0.00163808776807776,0.00105132090987391,0.000565747606111193,0.000478545795735443,0.0006210665173075,0.00185815150948811,0.914379865592722,2.99236913501189e-05,0.000195290500553033,0.000698104847899321,0.00053801561077938,0.0001053504549246,0.00351044637053318,0.000278700378637133,0.00508136860592642,0.000947506919365677,0.00209931339203311,0.000342400390174494
"45",0.000134648068017785,0.814501661192571,0.00303785180550762,0.000552233647843752,0.0105197612048532,0.000373648978970478,0.0377151617289588,0.000187435043502343,0.00187296446208368,0.000303063466687851,0.00228629731673242,0.00221832104037577,0.00193268505469641,0.00263110608458111,0.0201111640460716,0.0133428233528505,0.00234771957218042,0.000375321311143467,0.0012441732106667,0.000249435692324725,0.000808860572962038,0.000351766761376782,9.85544268238085e-05,9.00432034850624e-05,0.0026122945867242,0.00231930870483724,0.00267764167387164,0.000160928394942237,0.0650240085987921,0.0099191167955656
"46",5.68622666214045e-05,0.000376740249978589,0.000264686107896528,0.00284116865051639,0.00114892199059052,0.811218951135116,0.000251284480786591,8.27672723231728e-05,0.00121760769208294,9.10270973182599e-05,0.000692374690163024,0.00101744228896609,0.00102953202489025,0.000478470607379423,0.000115805941050234,0.161310046570724,0.00104907708525,0.00369700498832922,0.000939449177142651,0.000212497624339788,0.000785745741076153,3.26220590124674e-05,0.000199177238626542,0.000221512647953118,0.00113681193566023,0.00137443357378484,0.00427388209559564,2.19049896379598e-05,0.00228960896521733,0.00157258281196964
"47",0.000535641653240768,0.213266349878406,0.00359667658587258,0.000987259873257805,0.0707584823116007,0.00253287675853792,0.0197992143440576,0.000558178793169853,0.00820805782048721,0.00173663110836287,0.00567219207640297,0.00439507879293336,0.00483777271063493,0.00332659656982711,0.0840837542612282,0.00925425096219407,0.344851510017554,0.0135695862790868,0.00662737433222425,0.0018884824789829,0.00598386344023271,0.00025753868535676,0.000613857404784837,0.000315132275883399,0.00353983592572935,0.0392826621453039,0.0115892016039377,0.00117892523757775,0.0173333593542218,0.119419656318909
"48",3.73617328064743e-05,0.000279022865227978,0.000256714715080517,0.00020258370159338,0.00145289200100847,0.000493558618782582,0.00046615899674735,3.79705286498669e-05,0.970425211195647,0.000193756200885946,0.00104215535310062,0.00170351529845495,0.00807649604869014,0.000747261725008836,0.00207886805359815,0.00087549050438222,0.000681867996294038,0.000661689360885331,0.00264452643051991,1.04350324951101e-05,0.00032505244121484,0.000439184434433524,7.15486420644214e-05,3.90261660674883e-05,0.00242896373912332,0.000467193960275731,0.000182663224502703,0.00045571445855494,0.00260646660017386,0.000616649973730509
"49",3.79559802488124e-05,0.000663733597203416,0.000355634540721874,0.00159118565962205,0.0016152405266042,0.00308871771075733,0.0051227394881083,0.000222184023413543,0.00375344866646239,0.00101693407679073,0.000458139669707579,0.00787421466307579,0.00340221518788129,0.000980272657542869,0.00174352608721139,0.00184219370297923,0.000983100376000605,0.00219675347969618,0.912023946866624,0.000117120998303882,0.00045427628116625,0.000502074132374584,0.000305895329079968,0.000140287377581674,0.00355637063231009,0.0326384987571072,0.00583257480249212,0.00212717762802965,0.00394721412950882,0.00140637297139411
"50",3.24473823782976e-05,0.00113251078677613,0.000807278462219263,0.00325086640935194,0.00288022111188159,0.000976556154291984,0.0426825378995326,4.54690169435333e-05,0.0092728715779388,0.00121299424649948,0.000287731900348179,0.00801017457873766,0.0261404041187978,0.000857579089028575,0.00156468888438585,0.00283324512055948,0.0346404163126879,0.00173655993946431,0.761760275037389,9.90507234221148e-05,0.00026600521264512,0.0700915930254834,0.000456621750348983,0.000100093021267102,0.00203619707876359,0.00173091214071196,0.00345461504579544,0.00056939180660586,0.0198234493179453,0.00124724284779884
"51",0.000148296648127635,0.00102554124070592,0.00266028701339836,0.000933480454477827,0.00303122043615313,0.000759445580594231,0.0122566865760397,0.000173363167907801,0.00590538792677167,0.00046778756085001,0.0743276084849681,0.012105186751875,0.000943790181402479,0.000720997308481557,0.766896354778873,0.00341567736314805,0.000574441266835824,0.000688451906303378,0.00994879096394106,0.00028632809663639,0.000650611621900453,0.000175030711568665,0.00141885944146087,4.15229005558242e-05,0.00540628037204343,0.00154796351639361,0.0878150609123789,0.00283926157287839,0.000712580389710059,0.00212370485361811
"52",2.97537037154998e-05,0.000932926679852036,5.44870140781176e-05,0.000123554912019937,0.00208477359444999,0.000707323624658898,0.00278452398697871,0.000229996276659751,0.00100079452066305,0.000170144243958813,0.000459179684263367,0.00561734697351045,0.00190814397129417,0.00160747290996016,0.000272976856203718,0.00534996072773114,0.00104585345517647,0.000472935910592486,0.000935827858872238,0.000106651548012233,0.000322016847665505,2.81339599328178e-05,2.47700014796019e-05,9.83162446410532e-05,0.00124524055645208,0.964618511880627,0.00197233261632876,0.000443445268441386,0.00217297476285805,0.00317962940892279
"53",1.7377994843291e-05,4.03070160761931e-05,3.95374855060903e-05,0.000513958113524643,0.000851203655979854,0.000531494072401292,0.00014222086235384,2.21466233048596e-05,6.4550393282944e-05,1.33783026016815e-06,8.29256225867259e-05,0.000198420440957886,0.000205274804672477,7.48794351849253e-05,6.36170849418706e-06,0.992775874713249,0.000332725741583489,0.000121548212970757,1.09561550934626e-05,1.29351563151119e-05,1.59522418808816e-05,2.25501858626357e-05,4.0336083960421e-05,6.72311999341421e-06,0.000243267213221324,0.000334543254165506,0.00189550267558131,1.55090224556081e-06,0.000932456307567132,0.000461081976880668
"54",6.08264914927898e-05,0.473843715863211,0.140486693117938,0.000455092825994779,0.00183717737585796,0.00112287512502509,0.00036001352013728,0.00111365115044611,0.00296556198793166,0.00349614422670523,0.00047176004433762,0.01046432375239,0.000663802329112531,0.0105608619705476,0.00102393046469269,0.0016982299675197,0.0950281181950711,0.00105638495446165,0.00174406835142849,0.000534288125082651,0.00165488783531764,0.000290762682021948,0.00013268906079051,0.102572125281429,0.121217980828582,0.000575069027687567,0.00175213061863416,0.000539598340317957,0.0203006187584375,0.00197661772739825
"55",8.39716330392217e-05,0.000143751977523735,0.000832577689318583,0.449433497594426,0.00247436957623973,0.00294435891962485,0.0284835488954127,0.000165988208770897,0.000687625052472925,0.000117056235875189,0.000412380902291231,0.000734506190558168,0.0012633096348372,0.000312045001036854,8.97097367048656e-05,0.168646488501204,0.00126145179471562,0.00607579324017166,0.0827266814356487,2.68221776418064e-05,0.000343193952010119,0.000365785490120358,0.0450171794462526,1.77328870375776e-05,0.00105063113264301,0.000197521531258204,0.0254593382302344,3.1851865036842e-05,0.179476616552173,0.00112421451572059
"56",3.88563095913088e-05,0.000743461600351443,0.000315081109371073,0.106361266287263,0.02486031798184,0.0010048642188492,0.00716653606101737,0.000859196416230798,0.00158080496342868,0.000383225711759993,0.00179004734542279,0.276774462165048,0.509824083601792,0.00391026610404443,0.000135345727837015,0.0141402639186204,0.00504768341350683,0.00201381573190014,0.00199797636859227,2.41321042449931e-05,0.000243341566578131,0.00042691843979573,0.000327654463919922,8.04375703671877e-05,0.0110242225924117,0.00110519390715073,0.00551349165028732,3.19627115847502e-05,0.0215122525936828,0.000762837363509341
"57",3.64434848126231e-05,0.000304012753822279,0.000740015817970458,0.00631978392718582,0.00183390264206539,0.00107203170083953,0.026570629456186,0.000154522075495026,0.000564934337703226,9.269950753734e-05,0.000547470522217797,0.00521502782971675,0.000583891658714368,0.000951387019337321,0.00041300541995409,0.00491063688151698,0.000647883008038171,0.00227783049151257,0.0931767566850837,7.75299893683913e-05,0.000146482579464875,4.09930772887633e-05,0.00315385437838944,4.70010801702462e-05,0.00276685286871263,0.000967033431986535,0.843983084234244,0.00156973586802847,0.000411274353626511,0.000423292919010963
"58",0.000138279395222727,0.00192248743769311,0.000637675646885534,0.000413394297643616,0.00426912060058475,0.000578786284080035,0.623508589293369,0.000370844038337139,0.00346798286458485,0.000202172101494668,0.0494447228520452,0.00610129359186962,0.00403426278753507,0.048116479852021,0.00949140924111603,0.00502700071984365,0.000170504043596626,0.000248520281588632,0.00172145586966299,0.000135257841562965,0.00207003990218178,9.60775906398663e-05,9.21458010469499e-05,9.63233101642979e-05,0.00179112503358288,0.158008138218819,0.00697930228997198,0.000979476282620723,0.00193961042885295,0.0679475221013822
"59",3.26015340173729e-05,9.62547015766838e-05,0.000176629448979984,0.663297739440154,0.00916058784166086,0.0017009212360473,0.126332620978154,0.00017059155114531,6.61681818361537e-05,1.28842038220095e-05,0.00024160025625606,0.00127743473181688,0.00357121571579637,0.00179420689797237,1.21282909729754e-05,0.0506972485502132,0.00052992688685519,0.00222686257310299,0.00149681714043779,1.12448756047244e-05,0.000147900322485175,1.52771278802046e-05,0.000870673117140308,8.41012749937323e-06,0.000551001600840636,0.000224859899207298,0.133157323374402,8.60204464667433e-06,0.00179590724522248,0.000314360104252688
"60",3.10487009380148e-05,0.00102225705148749,0.00179891038618676,0.00192157200852375,0.22784041758426,0.00010614005189011,0.00199919522526827,0.00143172453051804,0.00161814321404907,9.4170628749465e-05,0.000210352220728362,0.00175860649576725,0.00043922786680081,0.00866215430905063,0.000219321459975117,0.00218271373924781,0.00150993328096205,0.00112062075237916,0.000803925309319892,4.47980414490328e-05,0.000369419112104378,0.000373399930691332,0.000105033837770149,6.97788040060564e-05,0.00306610434531124,0.000415461547975091,0.00031653910073045,0.000452692330781091,0.739189651302594,0.000826686830485548
"61",0.00025187610673095,0.00320147570536095,0.285154608627652,0.00854500308939873,0.00411394658457112,0.00395300928319206,0.0406681301987301,0.00467294096009708,0.00335490911495805,0.00642438708950745,0.0226650572605835,0.0512852714309745,0.00075901099344144,0.0209059277748992,0.00206637157317644,0.023230074746958,0.00238245748314265,0.00837001184636763,0.00646374882310486,0.00166727227318272,0.281421099751101,0.000278077778576503,0.0064239735872251,0.00439521951180099,0.0400858150820212,0.00261027981377079,0.0711512733284796,0.00055843016219271,0.0304171079948312,0.062523232023971
"62",2.25876497442686e-05,0.000345168976549887,0.0019234163109325,0.00314687891370086,0.00406597181619697,0.00051744852152357,0.00550563114563894,0.00170224524741576,0.000297748182761005,2.76448859587238e-05,0.000353685166945142,0.0260583860648531,0.00010568050559248,0.243063528763196,5.69281606310341e-05,0.00253775190624765,0.000591323709817304,0.000756640415622088,0.00100137294954716,0.000116195132302494,0.000235271239529269,5.62038862427748e-06,0.000522024210548125,0.000864722022362904,0.0205340425061993,0.000769806399779407,0.669426666786641,0.0144375801774234,0.000166314705972115,0.000841717137742445
"63",0.000278256008159531,0.0222364053009466,0.00107393548164416,0.00297796670967354,0.0035476020789171,0.0405664726877094,0.00270633547978334,0.000201286608451296,0.0994089464139359,0.000603190501728103,0.0012182381394483,0.00315605984066775,0.00468787876593178,0.00161915276985002,0.002600174280302,0.381909699886879,0.00550626849032191,0.00568286408397508,0.109579636474485,0.000290088195636301,0.00117106553325364,0.00176541784260512,0.00109493786330238,0.000326712536172981,0.00566735457683246,0.0390636870815987,0.0085458493984663,0.000811760343686129,0.244187113879379,0.00751564274625811
"64",6.44797809666468e-05,0.000161894619248127,0.000232151790498179,0.00938374533954049,0.00149313101622022,0.405663864251649,0.00197328948172304,0.000107631489890504,0.00188102808652455,0.000260006963843394,0.000298748022989208,0.000748224406775929,0.00246948621756836,0.000227905401354987,0.000270129922826875,0.0667943840362108,0.000685397952464784,0.0718650223292378,0.413748272184236,0.000130984840128335,0.000701627559076402,0.00016855665761567,0.000775992940718721,0.000101821464147983,0.00105911995218552,0.00179308799240484,0.01413757447068,9.66800408476543e-05,0.00205965650369533,0.000646104284730664
"65",1.65594785376991e-05,0.000136413295206577,0.000228403381380511,5.98890937283656e-05,0.00059953702829284,0.000195822992427447,5.76169671427453e-05,1.64679846944962e-05,0.982981877232853,0.000104246937763301,0.00026740560259134,0.00069445419892203,0.000372687692550169,0.00020226231122631,0.000881573913985606,0.000355693093888572,0.00756189788840935,0.000393656798238652,0.000874435786888744,8.42549313202015e-06,0.000110962558878175,0.000238004486636477,4.11989759871531e-05,2.95846793313471e-05,0.00110112234529808,0.000136951700701103,8.07889312642518e-05,0.000428157343514981,0.00156204982488837,0.000261851981641108
